1 0.420946 0.322976 0.051063 0.103075
1 0.158222 0.411419 0.0676211 0.0948086
1 0.23841 0.729188 0.0728947 0.103976
1 0.601117 0.152304 0.0712263 0.0796991
1 0.0729475 0.73047 0.0566981 0.104714
1 0.949338 0.644772 0.0517366 0.0965036
1 0.647243 0.553251 0.0558355 0.0973917
1 0.253295 0.425804 0.0655745 0.0712099
1 0.713602 0.445201 0.0741458 0.061647
1 0.944263 0.826922 0.0860558 0.0616598
1 0.377963 0.806645 0.0406532 0.129913
1 0.138316 0.485023 0.0787139 0.0550491
1 0.0638838 0.593194 0.0791031 0.0788895
1 0.927832 0.532671 0.0789202 0.0524371
1 0.0542479 0.325545 0.0408538 0.135642
1 0.548417 0.455335 0.0461088 0.098976
1 0.262383 0.362624 0.0546261 0.0766139
1 0.508222 0.437374 0.0665423 0.0789434
1 0.89213 0.466308 0.058215 0.0833966
1 0.175397 0.69572 0.0662732 0.0904211
1 0.25432 0.497859 0.0757656 0.0493904
1 0.869052 0.657836 0.037644 0.0661046
1 0.183058 0.327088 0.0816399 0.0439075
1 0.795171 0.403846 0.0830294 0.0571122
1 0.360393 0.540872 0.0507023 0.0432386
1 0.745448 0.129661 0.0433331 0.0688403
1 0.228329 0.677148 0.0372375 0.0412812
1 0.843625 0.721999 0.0862995 0.0588713
1 0.422114 0.467476 0.0385486 0.0685932
1 0.131029 0.667109 0.0672237 0.082052
1 0.407442 0.41784 0.0388493 0.1119
1 0.752551 0.923677 0.0443729 0.0599312
1 0.448086 0.273397 0.0309727 0.040756
1 0.349389 0.295586 0.0379016 0.0408699
1 0.596683 0.379198 0.0395352 0.0311345
1 0.258956 0.260164 0.0328489 0.0400917
1 0.45158 0.489862 0.0207371 0.06458
1 0.915315 0.350744 0.0417408 0.0316345
1 0.310024 0.300686 0.0461128 0.0430326
1 0.22623 0.282312 0.0382295 0.038231
1 0.362679 0.24856 0.0329666 0.0373886
1 0.11536 0.6327 0.0701241 0.0687079
1 0.358869 0.405157 0.0266874 0.0784692
1 0.866203 0.0227591 0.0353392 0.0455183
1 0.320933 0.341538 0.0224559 0.0598148
1 0.153067 0.367351 0.0422893 0.0331884
1 0.156834 0.293037 0.0258589 0.0392166
1 0.286617 0.521958 0.0347241 0.0437296
1 0.992133 0.772901 0.0157331 0.0413925
1 0.310063 0.325556 0.0450362 0.0885232
1 0.0114905 0.37286 0.022981 0.0558306
1 0.991555 0.765574 0.0168895 0.0555359
1 0.0115106 0.363028 0.0230211 0.0515422
1 0.0104971 0.354928 0.0209943 0.0694672
1 0.991932 0.7545 0.0161366 0.0756824
